17038050
17038051
17038052
17038053
17038054
17038055
17038063
17038065
17038067
17038072
17038073
17038085
17038086
17038088
17038089
17038090
17038091
17038094
17038095
17039007
17039008
17039009
17039010
17039011
17039012
17039016
17039017
17039018
17039019
17039020
17039021
17039022
17039023
17039028
17039029
17039030
17039031
17039041
17039043
17039044
17039045
17040016
17041010
17041011
17041013
17041033
17041046
17042078
17042081
17042082
17043049
17043050
17044002
17044003
17044030
17044031
17045043
17046009
17046014
17046015
17046016
17046017
17046023
17046043
17046044
17047010
17047011
17047012
17047013
17047014
17047015
17047016
17047017
17047019
17047020
17047021
17047022
17047049
17049005
17049008
17049044
17049045
17049054
17050030
17050047
17051013
17051031
17051042
17051043
17051048
17051049
17052003
17052026
17052067
17053002
17053022
17053031
17053032
17053041
17054006
17054020
17054021
17054027
17054040
17055001
17056050
17057010
17057011
17057012
17057044
17057045
17057046
17058025
17058041
17058047
17059015
17059026
17060006
17060046
17061030
17061031
17061034
17062047
17063003
17063004
17063005
17063006
17063007
17063009
17063011
17063034
17063035
17063036
17063038
17063040
17063044
17064003
17064011
17064012
17064014
17064024
17064025
17064035
17064036
17064037
17064038
17064046
17064051
17065001
17065003
17065005
17065014
17065015
17065038
17065041
17065042
17065043
17065046
17065051
17065057
17066005
17066007
17066012
17066023
17066028
17066031
17066035
17067005
17067011
17067044
17068002
17068003
17068006
17068007
17068009
17068010
17068011
17068021
17068026
17068027
17068028
17068036
17068038
17068039
17068040
17068041
17068042
17068043
17068044
17068045
17068046
17068047
17068053
17068054
17068055
17068056
17068057
17068063
17068064
17068065
17068066
17068067
17068068
17068070
17069010
17069012
17069013
17069014
17069015
17069016
17069017
17069018
17069019
17070005
17070006
17071028
17071058
17072020
17072043
17073006
17073020
17073043
17073044
17073045
17073046
17073047
17073048
17073050
17073051
17073052
17073058
17073060
17073061
17073062
17073064
17073065
17073066
17073067
17073068
17073069
17074001
17074002
17074003
17074004
17074006
17074007
17074020
17074021
17074023
17074024
17075018
17075099
17075101
17075102
17075105
17075106
17075107
17075109
17075111
17076002
17076011
17076012
17076042
17076043
17076044
17076046
17076048
17076049
17076051
17076052
17076053
17076054
17076055
17077003
17077004
17077005
17077006
17077017
17097025
17097030
17097031
17097046
17097047
17097048
17098002
17098003
17098004
17098007
17098008
17098017
17098057
17098058
17098064
17099014
17099030
17099034
17099035
17099036
17099038
17099039
17099040
17099041
17099042
17099043
17100001
17100002
17100003
17100004
17100008
17100013
17100014
17100015
17100016
17100017
17100018
17100019
17100020
17100021
17100022
17100045
17101056
17102032
17102035
17103019
17103051
17105003
17105004
17105041
17105043
17105045
17108045
17108046
17108049
17109025
17109026
17109027
17109029
17109030
17109031
17109034
17109035
17109036
17109037
17109049
17109051
17109052
17109053
17109054
17109055
17109056
17109057
17109058
17109059
17109060
17109061
17109065
17109067
17109068
17109069
17109070
17110002
17110016
17110019
17110032
17110033
17110039
17110043
17111007
17111056
17111057
17112006
17113004
17113006
17113007
17113011
17113042
17114014
17114022
17114023
17114024
17114043
17117042
17119066
17119067
17119068
17119069
17119073
17119077
17119078
17119093
17119094
17119095
17119096
17119097
17119098
17119099
17119100
17119101
17119102
17119103
17120001
17120002
17120009
17120010
17120011
17120012
17120013
17120014
17120015
17120016
17121006
17121009
17121010
17121011
17121012
17121013
17121016
17121017
17121018
17121019
17121020
17121021
17121024
17121030
17121032
17121033
17121034
17121035
17121036
17121037
17121038
17121039
17121040
17121041
17121042
17121043
17121044
17121045
17121046
17121047
17122001
17122002
17122003
17122004
17122005
17122006
17122039
17122040
17122041
17122043
17122044
17122045
17122046
17123001
17123002
17123007
17123008
17123009
17123010
17123011
17123012
17123013
17123014
17123015
17123016
17123017
17123018
17123019
17123020
17123021
17123022
17123029
17123031
17123040
17123041
17123042
17123045
17123046
17123047
17123048
17123049
17123050
17123051
17123052
17123053
17123054
17123055
17124001
17124002
17124003
17124004
17124005
17124006
17124007
17124008
17124009
17124010
17124011
17124012
17124013
17124014
17124015
17124016
17124017
17124026
17124027
17124028
17124029
17124030
17124031
17124033
17124034
17124050
17124051
17124052
17124056
17124057
17124058
17124059
17124060
17125001
17125002
17125003
17125004
17125005
17125006
17125007
17125008
17125021
17125022
17125023
17125024
17125025
17125026
17125027
17125030
17125034
17125067
17125068
17126001
17126002
17126003
17126004
17126005
17126006
17126007
17126008
17126009
17126010
17126011
17126012
17126013
17126055
17127006
17127007
17127008
17127009
17127010
17127011
17127012
17127013
17127014
17127015
17127016
17127017
17127018
17127025
17127026
17127027
17127031
17127032
17127033
17127037
17128002
17128003
17128006
17128007
17128008
17128009
17128010
17128011
17128012
17128013
17128014
17128015
17128016
17128017
17128018
17128019
17128025
17128026
17128027
17128028
17128029
17128030
17128031
17128032
17128033
17128034
17128035
17128036
17128037
17128040
17128041
17128042
17128043
17128045
17128046
17128047
17128048
17128049
17128050
17128051
17128052
17128053
17128054
17128055
17129001
17129002
17129006
17129007
17129008
17129009
17129010
17129011
17129012
17129013
17129014
17129016
17129018
17129020
17129022
17129032
17129033
17129034
17129035
17129036
17129037
17129038
17129039
17129040
17129041
17129042
17129043
17130001
17130002
17130003
17130004
17130005
17130006
17130007
17130008
17130009
17130010
17130011
17130012
17130013
